53
0 hz_1_2 5
0 x_1_2 6
0 x_1_2 14
0 hz_1_2 15
0 y_1_2 16
0 hz_1_2 17
0 hz_1_2 24
0 hz_1_2 25
0 hz_1_2 26
0 x_1_2 27
0 y_1_2 28
0 hz_1_2 32
0 hz_1_2 33
0 hz_1_2 34
0 hz_1_2 35
0 y_1_2 36
0 x_1_2 37
0 x_1_2 38
0 hz_1_2 39
0 x_1_2 41
0 x_1_2 42
0 hz_1_2 43
0 y_1_2 44
0 x_1_2 45
0 x_1_2 46
0 y_1_2 47
0 hz_1_2 48
0 x_1_2 49
0 hz_1_2 50
0 hz_1_2 51
0 x_1_2 52
0 x_1_2 53
0 x_1_2 54
0 y_1_2 55
0 hz_1_2 56
0 y_1_2 57
0 hz_1_2 58
0 hz_1_2 61
0 hz_1_2 62
0 y_1_2 63
0 hz_1_2 64
0 x_1_2 65
0 x_1_2 66
0 x_1_2 67
0 hz_1_2 72
0 y_1_2 73
0 x_1_2 74
0 hz_1_2 75
0 y_1_2 76
0 y_1_2 83
0 y_1_2 84
0 hz_1_2 85
0 x_1_2 94
1 rz(0.7743385483953005) 6
1 rz(-0.7085204779284944) 16
1 rz(-0.8687711187158653) 15
1 rz(0.3853766657859231) 25
1 rz(-0.3522159558487364) 17
1 rz(0.569527381436443) 27
1 rz(0.06748036788071975) 24
1 rz(-0.03542260032736748) 34
1 rz(0.921123478965347) 26
1 rz(-0.940605149780575) 36
1 rz(0.40878079457469985) 28
1 rz(-0.3573777822597026) 38
1 rz(0.4286328898578044) 33
1 rz(-0.567173927172081) 43
1 rz(0.6962362636582926) 35
1 rz(-0.6243336356713873) 45
1 rz(0.5070267688233168) 37
1 rz(-0.49025706927611445) 47
1 rz(-0.82479487914479) 39
1 rz(0.831505604695568) 49
1 rz(0.7654710267272109) 42
1 rz(-0.7622667609489339) 52
1 rz(-0.7530995459405583) 44
1 rz(0.7063901684965722) 54
1 rz(-0.7750964509509387) 46
1 rz(0.9619956872914577) 56
1 rz(-0.8310454946335954) 48
1 rz(0.8149432193242095) 58
1 rz(0.568448771120722) 51
1 rz(-0.5458328527656618) 61
1 rz(0.46444025457872556) 53
1 rz(-0.8641681946768033) 63
1 rz(0.33639050361710615) 55
1 rz(-0.4121311900075394) 65
1 rz(0.881176970884841) 57
1 rz(-0.8199816956867351) 67
1 rz(-0.5174631371535426) 62
1 rz(0.5093922035705379) 72
1 rz(-0.2684453761112637) 64
1 rz(0.26751780455859997) 74
1 rz(0.7883616255904944) 66
1 rz(0.9304903862480522) 76
1 rz(0.5471409474788239) 73
1 rz(-0.5891117186780521) 83
1 rz(0.7384907660505857) 75
1 rz(-0.7451407522809496) 85
1 rz(-0.1830293948567971) 84
1 rz(-0.1757017537984857) 94
2 fsim(0.48248590238931144, 0.17720711726780922) 6 16
2 fsim(0.4831173807612162, 0.1575031878359891) 15 25
2 fsim(0.5104652445279683, 0.1518018478533972) 17 27
2 fsim(0.483109325847836, 0.16101107882693258) 24 34
2 fsim(0.48552394043342284, 0.14819609246068247) 26 36
2 fsim(0.5137841338574078, 0.15735440433706077) 28 38
2 fsim(0.49264217592278786, 0.14098000393237992) 33 43
2 fsim(0.48501709381128927, 0.14949793435121178) 35 45
2 fsim(0.48656355637175525, 0.18260338861410977) 37 47
2 fsim(0.49284428894552623, 0.15792655003519906) 39 49
2 fsim(0.521298630708583, 0.21928323341492764) 42 52
2 fsim(0.486998183067378, 0.15361268278864498) 44 54
2 fsim(0.486390931075892, 0.1626489398497966) 46 56
2 fsim(0.4813094673968524, 0.15327107428645925) 48 58
2 fsim(0.47975471412767756, 0.16199668846067358) 51 61
2 fsim(0.492110274286689, 0.1687807392184565) 53 63
2 fsim(0.4827686976879951, 0.14378566187650293) 55 65
2 fsim(0.46465889570960195, 0.13416717007279197) 57 67
2 fsim(0.48881240027593537, 0.14984846721738163) 62 72
2 fsim(0.4831873565264152, 0.16620074089526124) 64 74
2 fsim(0.4764882949770173, 0.13770458644228914) 66 76
2 fsim(0.48112498558227507, 0.15642764309600338) 73 83
2 fsim(0.47456208123909566, 0.15553396824213445) 75 85
2 fsim(0.5144705816268026, 0.1596097876378056) 84 94
3 rz(-0.7618064157555159) 6
3 rz(0.827624486222322) 16
3 rz(0.677790595837605) 15
3 rz(0.8388149512324528) 25
3 rz(0.34915411632258214) 17
3 rz(-0.13184269073487556) 27
3 rz(0.4610625765182105) 24
3 rz(-0.4290048089648583) 34
3 rz(0.6641998401797986) 26
3 rz(-0.6836815109950266) 36
3 rz(0.026240452181357746) 28
3 rz(0.025162560133639312) 38
3 rz(0.9071761579568303) 33
3 rz(0.9542828047288932) 43
3 rz(-0.46145806100291004) 35
3 rz(0.5333606889898155) 45
3 rz(0.5128100748460089) 37
3 rz(-0.4960403752988061) 47
3 rz(0.5829645187562967) 39
3 rz(-0.5762537932055181) 49
3 rz(0.022811401598836913) 42
3 rz(-0.019607135820559906) 52
3 rz(0.8523020333228131) 44
3 rz(-0.8990114107667992) 54
3 rz(0.9352866185158868) 46
3 rz(-0.7483873821753678) 56
3 rz(-0.9220101925888569) 48
3 rz(0.9059079172794712) 58
3 rz(0.7039221690166656) 51
3 rz(-0.6813062506616053) 61
3 rz(0.6965073865506469) 53
3 rz(0.9037646733512754) 63
3 rz(-0.45310524873049973) 55
3 rz(0.3773645623400665) 65
3 rz(0.42017342300456634) 57
3 rz(-0.3589781478064599) 67
3 rz(0.9534707755965702) 62
3 rz(-0.9615417091795746) 72
3 rz(0.5368636250628501) 64
3 rz(-0.5377911966155139) 74
3 rz(0.5123942238917779) 66
3 rz(-0.7935422120532315) 76
3 rz(-0.7898684772427236) 73
3 rz(0.7478977060434954) 83
3 rz(-0.8571455144841159) 75
3 rz(0.8504955282537521) 85
3 rz(0.9094649565590708) 84
3 rz(0.7318038947856463) 94
4 y_1_2 5
4 y_1_2 6
4 y_1_2 14
4 x_1_2 15
4 x_1_2 16
4 x_1_2 17
4 x_1_2 24
4 x_1_2 25
4 y_1_2 26
4 hz_1_2 27
4 x_1_2 28
4 x_1_2 32
4 y_1_2 33
4 x_1_2 34
4 y_1_2 35
4 hz_1_2 36
4 hz_1_2 37
4 y_1_2 38
4 y_1_2 39
4 hz_1_2 41
4 y_1_2 42
4 y_1_2 43
4 hz_1_2 44
4 y_1_2 45
4 y_1_2 46
4 hz_1_2 47
4 x_1_2 48
4 hz_1_2 49
4 y_1_2 50
4 y_1_2 51
4 y_1_2 52
4 y_1_2 53
4 hz_1_2 54
4 hz_1_2 55
4 y_1_2 56
4 x_1_2 57
4 x_1_2 58
4 x_1_2 61
4 y_1_2 62
4 x_1_2 63
4 y_1_2 64
4 hz_1_2 65
4 hz_1_2 66
4 y_1_2 67
4 y_1_2 72
4 x_1_2 73
4 hz_1_2 74
4 y_1_2 75
4 x_1_2 76
4 x_1_2 83
4 x_1_2 84
4 y_1_2 85
4 hz_1_2 94
5 rz(0.07221640979880403) 5
5 rz(0.17734365608174887) 15
5 rz(-0.7166427083722222) 14
5 rz(0.717673588252228) 24
5 rz(-0.1312926423470736) 16
5 rz(0.13158529074665537) 26
5 rz(0.7500367576549269) 25
5 rz(-0.31797150857789674) 35
5 rz(-0.8756735306896725) 27
5 rz(-0.9327732133062662) 37
5 rz(0.7071565092929694) 32
5 rz(-0.6264998637477406) 42
5 rz(0.82790347048799) 34
5 rz(-0.8594778743809006) 44
5 rz(0.8064559428449068) 36
5 rz(-0.7629602352736249) 46
5 rz(-0.23630732076940514) 38
5 rz(0.25438180016733336) 48
5 rz(0.6476084230939583) 41
5 rz(-0.6528339440806201) 51
5 rz(-0.20879565669998532) 43
5 rz(-0.26053049452558324) 53
5 rz(-0.7777343640360711) 45
5 rz(0.8805385932920736) 55
5 rz(-0.5137630264839785) 47
5 rz(0.48179097076948874) 57
5 rz(0.7693840211762448) 52
5 rz(-0.7680082232923118) 62
5 rz(0.14188452450562264) 54
5 rz(-0.1339396318115881) 64
5 rz(-0.95616894502165) 56
5 rz(-0.9015807139989003) 66
5 rz(-0.3168365530459615) 63
5 rz(0.2898226701533191) 73
5 rz(-0.32361247881294825) 65
5 rz(0.27931184143712456) 75
5 rz(0.884543382731205) 74
5 rz(-0.8540367322639986) 84
6 fsim(0.4836037489865321, 0.15720448517258814) 5 15
6 fsim(0.4813027746287272, 0.16589400016587655) 14 24
6 fsim(0.5141011050173628, 0.23139995996898027) 16 26
6 fsim(0.4860333525890109, 0.1603093406600409) 25 35
6 fsim(0.48318175023922383, 0.1564279262034107) 27 37
6 fsim(0.4893783671604143, 0.1436061569230382) 32 42
6 fsim(0.4885622789540625, 0.14820473190374475) 34 44
6 fsim(0.48365869422848307, 0.16133729898079696) 36 46
6 fsim(0.5035633150535174, 0.17812225242391694) 38 48
6 fsim(0.47971143268846445, 0.14388623656266197) 41 51
6 fsim(0.48615849941720374, 0.1566149748128868) 43 53
6 fsim(0.4819082002062166, 0.14615816911657503) 45 55
6 fsim(0.4909994945412715, 0.16098322131650447) 47 57
6 fsim(0.4912337946314961, 0.18012457108936253) 52 62
6 fsim(0.46508517467774446, 0.17301578991022867) 54 64
6 fsim(0.4625029911035914, 0.13951781372243774) 56 66
6 fsim(0.5169231411118692, 0.15867863143208272) 63 73
6 fsim(0.4737902812504438, 0.15803377395648677) 65 75
6 fsim(0.47857129167400153, 0.15930690639357745) 74 84
7 rz(0.10267615219883607) 5
7 rz(0.14688391368171685) 15
7 rz(0.5303948572093229) 14
7 rz(-0.529363977329317) 24
7 rz(-0.6623304931849363) 16
7 rz(0.6626231415845181) 26
7 rz(0.06783382350879162) 25
7 rz(0.36423142556823856) 35
7 rz(-0.9730909692986618) 27
7 rz(-0.8353557746972768) 37
7 rz(-0.5361169534193021) 32
7 rz(0.6167735989645307) 42
7 rz(-0.6122117071342573) 34
7 rz(0.5806373032413467) 44
7 rz(0.968052322606287) 36
7 rz(-0.9245566150350051) 46
7 rz(-0.6534917441628949) 38
7 rz(0.6715662235608231) 48
7 rz(-0.7407238202696524) 41
7 rz(0.7354982992829906) 51
7 rz(-0.06340668623729523) 43
7 rz(-0.40591946498827336) 53
7 rz(-0.4557556128718794) 45
7 rz(0.558559842127882) 55
7 rz(0.923796560084577) 47
7 rz(-0.9557686157990668) 57
7 rz(0.6313087990584325) 52
7 rz(-0.6299330011745) 62
7 rz(-0.20274234705300925) 54
7 rz(0.21068723974704434) 64
7 rz(0.5124187849542257) 56
7 rz(-0.3701684439747759) 66
7 rz(-0.3038733131602001) 63
7 rz(0.2768594302675577) 73
7 rz(0.26284256852387516) 65
7 rz(-0.3071432058996983) 75
7 rz(0.7502523839911145) 74
7 rz(-0.719745733523908) 84
8 x_1_2 5
8 x_1_2 6
8 x_1_2 14
8 hz_1_2 15
8 hz_1_2 16
8 y_1_2 17
8 hz_1_2 24
8 hz_1_2 25
8 x_1_2 26
8 y_1_2 27
8 y_1_2 28
8 y_1_2 32
8 x_1_2 33
8 y_1_2 34
8 x_1_2 35
8 y_1_2 36
8 y_1_2 37
8 x_1_2 38
8 x_1_2 39
8 y_1_2 41
8 hz_1_2 42
8 x_1_2 43
8 x_1_2 44
8 x_1_2 45
8 hz_1_2 46
8 y_1_2 47
8 y_1_2 48
8 y_1_2 49
8 hz_1_2 50
8 hz_1_2 51
8 x_1_2 52
8 x_1_2 53
8 x_1_2 54
8 x_1_2 55
8 x_1_2 56
8 hz_1_2 57
8 hz_1_2 58
8 y_1_2 61
8 hz_1_2 62
8 y_1_2 63
8 hz_1_2 64
8 x_1_2 65
8 x_1_2 66
8 hz_1_2 67
8 x_1_2 72
8 hz_1_2 73
8 y_1_2 74
8 x_1_2 75
8 hz_1_2 76
8 hz_1_2 83
8 hz_1_2 84
8 x_1_2 85
8 y_1_2 94
9 rz(0.868874517623681) 5
9 rz(-0.5062300204223075) 6
9 rz(0.6874509025876478) 14
9 rz(-0.6826684237245009) 15
9 rz(0.3757979651191995) 16
9 rz(-0.3369000264078134) 17
9 rz(0.5165579149683887) 25
9 rz(-0.9838406309684837) 26
9 rz(0.6517543596020707) 27
9 rz(-0.8938908007211287) 28
9 rz(0.011576333256837757) 32
9 rz(0.1994965304792813) 33
9 rz(-0.5357402786793479) 34
9 rz(0.5797224477448737) 35
9 rz(0.6015756389470484) 36
9 rz(-0.573317645438219) 37
9 rz(0.3791786031325414) 38
9 rz(-0.676931394322152) 39
9 rz(0.6257613274555152) 41
9 rz(-0.6210571332355261) 42
9 rz(-0.45193657844083596) 43
9 rz(0.16633011275543763) 44
9 rz(-0.8632357323678501) 45
9 rz(0.5580904452638696) 46
9 rz(0.7226189706701976) 47
9 rz(-0.7708292466716248) 48
9 rz(-0.628899885711077) 50
9 rz(0.8564821803203452) 51
9 rz(-0.48600051750832335) 52
9 rz(0.40704671139578114) 53
9 rz(0.7509923227943213) 54
9 rz(-0.7705635810307807) 55
9 rz(0.5247429096711106) 56
9 rz(-0.31560248875795377) 57
9 rz(0.4445283033807374) 61
9 rz(-0.43843587057450184) 62
9 rz(0.23079678484166474) 63
9 rz(-0.24296757608244463) 64
9 rz(-0.6933510795197081) 65
9 rz(0.7747059716945244) 66
9 rz(0.6297402023667946) 72
9 rz(-0.650250406527777) 73
9 rz(0.8327738427573091) 74
9 rz(-0.8966188475674683) 75
9 rz(0.12025352080627527) 83
9 rz(-0.029370019547682955) 84
10 fsim(0.49365264175466117, 0.15525133396347482) 5 6
10 fsim(0.47303698530749166, 0.15851903504005288) 14 15
10 fsim(0.4860239014600936, 0.16383319416244227) 16 17
10 fsim(0.47760865431703853, 0.1722820082764079) 25 26
10 fsim(0.509171230744336, 0.16804022614589761) 27 28
10 fsim(0.488759902041367, 0.1333685928255776) 32 33
10 fsim(0.4920570546033223, 0.16987541076683108) 34 35
10 fsim(0.4982034875822141, 0.16859518356435038) 36 37
10 fsim(0.5169469113973622, 0.15443156883098344) 38 39
10 fsim(0.5100156470228439, 0.15919887714218442) 41 42
10 fsim(0.5013161698221332, 0.16668826789830035) 43 44
10 fsim(0.48505020747377536, 0.15126442409592716) 45 46
10 fsim(0.4910557144645823, 0.16553543587639166) 47 48
10 fsim(0.4531292444443958, 0.1672349617084543) 50 51
10 fsim(0.4811161821494542, 0.14574797118653934) 52 53
10 fsim(0.4892984073437459, 0.18061915843291854) 54 55
10 fsim(0.4807798603179813, 0.1432020872458372) 56 57
10 fsim(0.47699857306165455, 0.2028158162407915) 61 62
10 fsim(0.47981318946926454, 0.15237439630820673) 63 64
10 fsim(0.4737599636880325, 0.14788136570201332) 65 66
10 fsim(0.4902284723641499, 0.1632425516276174) 72 73
10 fsim(0.5048672988301155, 0.15248440735797275) 74 75
10 fsim(0.49753578048082747, 0.15466472657491784) 83 84
11 rz(-0.6542790087648793) 5
11 rz(-0.9830764940337477) 6
11 rz(-0.7079366355498636) 14
11 rz(0.7127191144130105) 15
11 rz(-0.5003181025167607) 16
11 rz(0.5392160412281468) 17
11 rz(-0.4944938908636658) 25
11 rz(0.027211174863570817) 26
11 rz(0.5893795615335414) 27
11 rz(-0.831516002652599) 28
11 rz(-0.21350946680641048) 32
11 rz(0.42458233054252953) 33
11 rz(-0.14729238052848453) 34
11 rz(0.19127454959401033) 35
11 rz(0.00982266418345571) 36
11 rz(0.018435329325373753) 37
11 rz(-0.2092460914861244) 38
11 rz(-0.08850669970348643) 39
11 rz(-0.04816660891478307) 41
11 rz(0.05287080313477205) 42
11 rz(-0.5144804279802232) 43
11 rz(0.2288739622948249) 44
11 rz(0.6539308607246773) 45
11 rz(-0.9590761478286578) 46
11 rz(-0.6105530873621177) 47
11 rz(0.5623428113606904) 48
11 rz(0.4541035216184288) 50
11 rz(-0.22652122700916058) 51
11 rz(-0.09920368129230818) 52
11 rz(0.020249875179765953) 53
11 rz(-0.7703835607337791) 54
11 rz(0.7508123024973197) 55
11 rz(-0.9299380908209051) 56
11 rz(-0.8609214882659385) 57
11 rz(-0.6603148238966917) 61
11 rz(0.6664072567029273) 62
11 rz(0.011997302735339959) 63
11 rz(-0.02416809397611926) 64
11 rz(0.7541471791694208) 65
11 rz(-0.6727922869946045) 66
11 rz(0.21828350563706272) 72
11 rz(-0.2387937097980442) 73
11 rz(0.8775865857149596) 74
11 rz(-0.9414315905251189) 75
11 rz(0.5077173122630191) 83
11 rz(-0.4168338110044266) 84
12 hz_1_2 5
12 hz_1_2 6
12 y_1_2 14
12 x_1_2 15
12 x_1_2 16
12 x_1_2 17
12 y_1_2 24
12 x_1_2 25
12 y_1_2 26
12 x_1_2 27
12 hz_1_2 28
12 hz_1_2 32
12 hz_1_2 33
12 hz_1_2 34
12 hz_1_2 35
12 hz_1_2 36
12 hz_1_2 37
12 y_1_2 38
12 y_1_2 39
12 hz_1_2 41
12 y_1_2 42
12 hz_1_2 43
12 hz_1_2 44
12 y_1_2 45
12 y_1_2 46
12 x_1_2 47
12 x_1_2 48
12 x_1_2 49
12 y_1_2 50
12 x_1_2 51
12 hz_1_2 52
12 hz_1_2 53
12 hz_1_2 54
12 y_1_2 55
12 hz_1_2 56
12 x_1_2 57
12 x_1_2 58
12 x_1_2 61
12 x_1_2 62
12 hz_1_2 63
12 x_1_2 64
12 hz_1_2 65
12 hz_1_2 66
12 y_1_2 67
12 hz_1_2 72
12 y_1_2 73
12 x_1_2 74
12 hz_1_2 75
12 y_1_2 76
12 x_1_2 83
12 y_1_2 84
12 hz_1_2 85
12 x_1_2 94
13 rz(0.493850693839934) 15
13 rz(-0.46824735745938767) 16
13 rz(0.2984751103100736) 24
13 rz(-0.7975917880942631) 25
13 rz(-0.2590669520927105) 26
13 rz(0.46553678230138035) 27
13 rz(0.4922863320894708) 33
13 rz(-0.4386037696673656) 34
13 rz(-0.9729214362671511) 35
13 rz(0.9612016987900408) 36
13 rz(0.4556017204511883) 37
13 rz(-0.4602146990123172) 38
13 rz(-0.17115863024938213) 42
13 rz(-0.07406694571515549) 43
13 rz(-0.04747985536414887) 44
13 rz(-0.0015617338005978266) 45
13 rz(0.2389354663504067) 46
13 rz(-0.2865947391710613) 47
13 rz(-0.5880773071541381) 48
13 rz(0.6362285069775276) 49
13 rz(0.3964494752371541) 51
13 rz(-0.38670528408761545) 52
13 rz(0.011734933093958058) 53
13 rz(0.0011415796799869179) 54
13 rz(-0.5924971027747271) 55
13 rz(0.6771826672314938) 56
13 rz(-0.42942159755003484) 57
13 rz(0.5342946187446849) 58
13 rz(-0.8039587731906531) 62
13 rz(0.6712120667598861) 63
13 rz(-0.878510082642783) 64
13 rz(0.8658791452001359) 65
13 rz(-0.13314967964918875) 66
13 rz(0.3134985834412089) 67
13 rz(-0.13421982786758235) 73
13 rz(0.14142059663243078) 74
13 rz(-0.24729161215179005) 75
13 rz(-0.1789596367298805) 76
13 rz(0.7475635765288697) 84
13 rz(-0.8844707307377268) 85
14 fsim(0.4721504021115573, 0.15695816747993444) 15 16
14 fsim(0.4825634211282305, 0.15867828327762148) 24 25
14 fsim(0.48824316009376834, 0.15951491059929712) 26 27
14 fsim(0.47115582838766157, 0.15190773431751792) 33 34
14 fsim(0.48231141888350276, 0.1585063414575064) 35 36
14 fsim(0.4865342593572244, 0.16427486274391248) 37 38
14 fsim(0.5050345537310194, 0.15144542443009287) 42 43
14 fsim(0.48807396570956973, 0.14318657147960762) 44 45
14 fsim(0.48249755474463474, 0.14845262365278886) 46 47
14 fsim(0.4980006261021947, 0.15119064727561662) 48 49
14 fsim(0.4984695188566927, 0.18004531009583208) 51 52
14 fsim(0.4842091684198735, 0.16094100162415842) 53 54
14 fsim(0.48011792378547014, 0.1580141230640478) 55 56
14 fsim(0.48023421368651875, 0.14013840287026855) 57 58
14 fsim(0.49842022326892416, 0.15044767636993245) 62 63
14 fsim(0.484447874980701, 0.16984474255103443) 64 65
14 fsim(0.49342767762518064, 0.14018741526981413) 66 67
14 fsim(0.47190475607081295, 0.21827595026961338) 73 74
14 fsim(0.47561747564029094, 0.14608866678530144) 75 76
14 fsim(0.49298021632342415, 0.14221762546243955) 84 85
15 rz(-0.599747845729294) 15
15 rz(0.6253511821098403) 16
15 rz(0.9185238680705767) 24
15 rz(0.5823594541452338) 25
15 rz(0.017602831844571624) 26
15 rz(0.18886699836409832) 27
15 rz(-0.4113331864284153) 33
15 rz(0.46501574885052055) 34
15 rz(-0.7427018606296518) 35
15 rz(0.7309821231525422) 36
15 rz(-0.4572604632711416) 37
15 rz(0.45264748471001387) 38
15 rz(0.8287439256872393) 42
15 rz(0.9260304983482223) 43
15 rz(-0.5539049867836513) 44
15 rz(0.5048633976189045) 45
15 rz(0.17394491383358626) 46
15 rz(-0.22160418665424148) 47
15 rz(0.24017847920109392) 48
15 rz(-0.19202727937770428) 49
15 rz(-0.37039764324017677) 51
15 rz(0.38014183438971544) 52
15 rz(-0.34101503555577156) 53
15 rz(0.35389154832971653) 54
15 rz(0.6559023537995501) 55
15 rz(-0.5712167893427836) 56
15 rz(0.4498659567527707) 57
15 rz(-0.34499293555812066) 58
15 rz(0.4151204811787974) 62
15 rz(-0.5478671876095643) 63
15 rz(-0.6044391967350843) 64
15 rz(0.5918082592924367) 65
15 rz(-0.3382065832034761) 66
15 rz(0.5185554869954963) 67
15 rz(0.3976402333451519) 73
15 rz(-0.3904394645803035) 74
15 rz(0.44626364529659257) 75
15 rz(-0.8725148941782631) 76
15 rz(-0.7580489709662166) 84
15 rz(0.6211418167573595) 85
16 y_1_2 5
16 x_1_2 6
16 x_1_2 14
16 y_1_2 15
16 hz_1_2 16
16 y_1_2 17
16 x_1_2 24
16 hz_1_2 25
16 x_1_2 26
16 hz_1_2 27
16 y_1_2 28
16 y_1_2 32
16 x_1_2 33
16 x_1_2 34
16 y_1_2 35
16 x_1_2 36
16 x_1_2 37
16 x_1_2 38
16 x_1_2 39
16 x_1_2 41
16 hz_1_2 42
16 x_1_2 43
16 x_1_2 44
16 hz_1_2 45
16 hz_1_2 46
16 y_1_2 47
16 hz_1_2 48
16 y_1_2 49
16 hz_1_2 50
16 y_1_2 51
16 y_1_2 52
16 y_1_2 53
16 x_1_2 54
16 x_1_2 55
16 y_1_2 56
16 hz_1_2 57
16 hz_1_2 58
16 y_1_2 61
16 y_1_2 62
16 x_1_2 63
16 hz_1_2 64
16 y_1_2 65
16 x_1_2 66
16 hz_1_2 67
16 y_1_2 72
16 hz_1_2 73
16 y_1_2 74
16 y_1_2 75
16 hz_1_2 76
16 hz_1_2 83
16 x_1_2 84
16 x_1_2 85
16 hz_1_2 94
17 rz(0.7988745176237023) 5
17 rz(-0.43623002042232994) 6
17 rz(0.6854509025876576) 14
17 rz(-0.6806684237245106) 15
17 rz(0.895797965119231) 16
17 rz(-0.8569000264078449) 17
17 rz(-0.5874420850315563) 25
17 rz(0.1201593690314567) 26
17 rz(-0.1662456403979169) 27
17 rz(-0.07589080072114174) 28
17 rz(-0.7304236667431359) 32
17 rz(0.941496530479255) 33
17 rz(0.20225972132064465) 34
17 rz(-0.15827755225511886) 35
17 rz(-0.4344243610529689) 36
17 rz(0.46268235456179807) 37
17 rz(-0.8068213968674496) 38
17 rz(0.509068605677839) 39
17 rz(-0.48423867254446107) 41
17 rz(0.48894286676445003) 42
17 rz(-0.15393657844081263) 43
17 rz(-0.13166988724458512) 44
17 rz(0.9167642676321308) 45
17 rz(0.7780904452638893) 46
17 rz(0.9446189706702058) 47
17 rz(-0.9928292466716331) 48
17 rz(0.5611001142888932) 50
17 rz(-0.3335178196796271) 51
17 rz(-0.9320005175083301) 52
17 rz(0.8530467113957879) 53
17 rz(-0.43500767720566996) 54
17 rz(0.41543641896921035) 55
17 rz(0.7467429096710533) 56
17 rz(-0.5376024887578965) 57
17 rz(0.2245283033807833) 61
17 rz(-0.21843587057454775) 62
17 rz(0.5287967848416878) 63
17 rz(-0.5409675760824668) 64
17 rz(0.6406489204802666) 65
17 rz(-0.5592940283054504) 66
17 rz(0.2577402023668132) 72
17 rz(-0.278250406527795) 73
17 rz(0.9067738427572684) 74
17 rz(-0.9706188475674273) 75
17 rz(-0.619746479193709) 83
17 rz(0.710629980452301) 84
18 fsim(0.49365264175466117, 0.15525133396347482) 5 6
18 fsim(0.47303698530749166, 0.15851903504005288) 14 15
18 fsim(0.4860239014600936, 0.16383319416244227) 16 17
18 fsim(0.47760865431703853, 0.1722820082764079) 25 26
18 fsim(0.509171230744336, 0.16804022614589761) 27 28
18 fsim(0.488759902041367, 0.1333685928255776) 32 33
18 fsim(0.4920570546033223, 0.16987541076683108) 34 35
18 fsim(0.4982034875822141, 0.16859518356435038) 36 37
18 fsim(0.5169469113973622, 0.15443156883098344) 38 39
18 fsim(0.5100156470228439, 0.15919887714218442) 41 42
18 fsim(0.5013161698221332, 0.16668826789830035) 43 44
18 fsim(0.48505020747377536, 0.15126442409592716) 45 46
18 fsim(0.4910557144645823, 0.16553543587639166) 47 48
18 fsim(0.4531292444443958, 0.1672349617084543) 50 51
18 fsim(0.4811161821494542, 0.14574797118653934) 52 53
18 fsim(0.4892984073437459, 0.18061915843291854) 54 55
18 fsim(0.4807798603179813, 0.1432020872458372) 56 57
18 fsim(0.47699857306165455, 0.2028158162407915) 61 62
18 fsim(0.47981318946926454, 0.15237439630820673) 63 64
18 fsim(0.4737599636880325, 0.14788136570201332) 65 66
18 fsim(0.4902284723641499, 0.1632425516276174) 72 73
18 fsim(0.5048672988301155, 0.15248440735797275) 74 75
18 fsim(0.49753578048082747, 0.15466472657491784) 83 84
19 rz(-0.5842790087648996) 5
19 rz(0.9469235059662741) 6
19 rz(-0.7059366355498733) 14
19 rz(0.7107191144130203) 15
19 rz(0.9796818974832071) 16
19 rz(-0.9407839587718211) 17
19 rz(0.6095061091362723) 25
19 rz(0.9232111748636281) 26
19 rz(-0.5926204384664704) 27
19 rz(0.35048399734741176) 28
19 rz(0.5284905331935638) 32
19 rz(-0.3174176694574447) 33
19 rz(-0.8852923805284783) 34
19 rz(0.929274549594004) 35
19 rz(-0.9541773358165268) 36
19 rz(0.9824353293253562) 37
19 rz(0.9767539085138666) 38
19 rz(0.7254933002965229) 39
19 rz(-0.9381666089148069) 41
19 rz(0.9428708031347959) 42
19 rz(-0.8124804279802466) 43
19 rz(0.5268739622948487) 44
19 rz(0.8739308607246958) 45
19 rz(0.8209238521713237) 46
19 rz(-0.8325530873621259) 47
19 rz(0.7843428113606987) 48
19 rz(-0.7358964783815413) 50
19 rz(0.9634787729908084) 51
19 rz(0.34679631870769856) 52
19 rz(-0.42575012482024077) 53
19 rz(0.41561643926621195) 54
19 rz(-0.43518769750267156) 55
19 rz(0.8480619091791521) 56
19 rz(-0.6389214882659956) 57
19 rz(-0.4403148238967388) 61
19 rz(0.4464072567029743) 62
19 rz(-0.28600269726468336) 63
19 rz(0.27383190602390434) 64
19 rz(-0.579852820830554) 65
19 rz(0.6612077130053702) 66
19 rz(0.590283505637045) 72
19 rz(-0.6107937097980273) 73
19 rz(0.8035865857150007) 74
19 rz(-0.8674315905251597) 75
19 rz(-0.7522826877369967) 83
19 rz(0.8431661889955893) 84
20 x_1_2 5
20 y_1_2 6
20 hz_1_2 14
20 hz_1_2 15
20 y_1_2 16
20 x_1_2 17
20 y_1_2 24
20 x_1_2 25
20 y_1_2 26
20 y_1_2 27
20 hz_1_2 28
20 hz_1_2 32
20 hz_1_2 33
20 hz_1_2 34
20 x_1_2 35
20 y_1_2 36
20 y_1_2 37
20 hz_1_2 38
20 y_1_2 39
20 y_1_2 41
20 y_1_2 42
20 y_1_2 43
20 y_1_2 44
20 y_1_2 45
20 x_1_2 46
20 hz_1_2 47
20 y_1_2 48
20 x_1_2 49
20 y_1_2 50
20 hz_1_2 51
20 x_1_2 52
20 hz_1_2 53
20 y_1_2 54
20 y_1_2 55
20 hz_1_2 56
20 x_1_2 57
20 y_1_2 58
20 hz_1_2 61
20 hz_1_2 62
20 hz_1_2 63
20 x_1_2 64
20 hz_1_2 65
20 hz_1_2 66
20 x_1_2 67
20 hz_1_2 72
20 x_1_2 73
20 x_1_2 74
20 x_1_2 75
20 x_1_2 76
20 x_1_2 83
20 y_1_2 84
20 y_1_2 85
20 y_1_2 94
21 rz(0.6438506938399094) 15
21 rz(-0.618247357459362) 16
21 rz(0.07047511031002901) 24
21 rz(-0.5695917880942174) 25
21 rz(-0.4070669520927599) 26
21 rz(0.6135367823014299) 27
21 rz(0.5682863320894853) 33
21 rz(-0.5146037696673801) 34
21 rz(0.28907856373285357) 35
21 rz(-0.30079830120996326) 36
21 rz(0.6756017204512074) 37
21 rz(-0.6802146990123358) 38
21 rz(-0.6911586302494148) 42
21 rz(0.44593305428487634) 43
21 rz(0.39452014463587903) 44
21 rz(-0.44356173380062575) 45
21 rz(-0.4290645336496083) 46
21 rz(0.38140526082895393) 47
21 rz(-0.5160773071541702) 48
21 rz(0.564228506977561) 49
21 rz(0.6204494752371521) 51
21 rz(-0.6107052840876123) 52
21 rz(-0.9502650669060344) 53
21 rz(0.9631415796799797) 54
21 rz(0.8895028972252971) 55
21 rz(-0.8048173327685305) 56
21 rz(0.6805784024500074) 57
21 rz(-0.5757053812553574) 58
21 rz(-0.8799587731906682) 62
21 rz(0.7472120667599012) 63
21 rz(-0.5825100826428156) 64
21 rz(0.5698791452001684) 65
21 rz(0.9028503203508277) 66
21 rz(-0.7225014165588084) 67
21 rz(0.3857801721324489) 73
21 rz(-0.3785794033676002) 74
21 rz(-0.10329161215178768) 75
21 rz(-0.3229596367298828) 76
21 rz(0.3035635765288527) 84
21 rz(-0.4404707307377103) 85
22 fsim(0.4721504021115573, 0.15695816747993444) 15 16
22 fsim(0.4825634211282305, 0.15867828327762148) 24 25
22 fsim(0.48824316009376834, 0.15951491059929712) 26 27
22 fsim(0.47115582838766157, 0.15190773431751792) 33 34
22 fsim(0.48231141888350276, 0.1585063414575064) 35 36
22 fsim(0.4865342593572244, 0.16427486274391248) 37 38
22 fsim(0.5050345537310194, 0.15144542443009287) 42 43
22 fsim(0.48807396570956973, 0.14318657147960762) 44 45
22 fsim(0.48249755474463474, 0.14845262365278886) 46 47
22 fsim(0.4980006261021947, 0.15119064727561662) 48 49
22 fsim(0.4984695188566927, 0.18004531009583208) 51 52
22 fsim(0.4842091684198735, 0.16094100162415842) 53 54
22 fsim(0.48011792378547014, 0.1580141230640478) 55 56
22 fsim(0.48023421368651875, 0.14013840287026855) 57 58
22 fsim(0.49842022326892416, 0.15044767636993245) 62 63
22 fsim(0.484447874980701, 0.16984474255103443) 64 65
22 fsim(0.49342767762518064, 0.14018741526981413) 66 67
22 fsim(0.47190475607081295, 0.21827595026961338) 73 74
22 fsim(0.47561747564029094, 0.14608866678530144) 75 76
22 fsim(0.49298021632342415, 0.14221762546243955) 84 85
23 rz(-0.7497478457292671) 15
23 rz(0.7753511821098146) 16
23 rz(-0.8534761319293775) 24
23 rz(0.35435945414518916) 25
23 rz(0.16560283184462107) 26
23 rz(0.04086699836404887) 27
23 rz(-0.4873331864284298) 33
23 rz(0.541015748850535) 34
23 rz(-0.0047018606296570335) 35
23 rz(-0.007017876847452668) 36
23 rz(-0.6772604632711591) 37
23 rz(0.6726474847100307) 38
23 rz(-0.6512560743127291) 42
23 rz(0.40603049834819016) 43
23 rz(-0.9959049867836792) 44
23 rz(0.9468633976189325) 45
23 rz(0.8419449138336009) 46
23 rz(-0.8896041866542553) 47
23 rz(0.16817847920112608) 48
23 rz(-0.12002727937773534) 49
23 rz(-0.5943976432401735) 51
23 rz(0.6041418343897134) 52
23 rz(0.6209849644442211) 53
23 rz(-0.6081084516702759) 54
23 rz(-0.8260976462004742) 55
23 rz(0.9107832106572408) 56
23 rz(-0.6601340432472717) 57
23 rz(0.7650070644419217) 58
23 rz(0.49112048117881246) 62
23 rz(-0.6238671876095794) 63
23 rz(-0.9004391967350515) 64
23 rz(0.8878082592924043) 65
23 rz(0.6257934167965067) 66
23 rz(-0.4454445130044874) 67
23 rz(-0.12235976665487905) 73
23 rz(0.12956053541972776) 74
23 rz(0.30226364529658795) 75
23 rz(-0.7285148941782584) 76
23 rz(-0.31404897096620005) 84
23 rz(0.17714181675734245) 85
24 hz_1_2 5
24 x_1_2 6
24 y_1_2 14
24 y_1_2 15
24 x_1_2 16
24 hz_1_2 17
24 x_1_2 24
24 hz_1_2 25
24 x_1_2 26
24 hz_1_2 27
24 y_1_2 28
24 y_1_2 32
24 x_1_2 33
24 x_1_2 34
24 hz_1_2 35
24 x_1_2 36
24 hz_1_2 37
24 x_1_2 38
24 hz_1_2 39
24 x_1_2 41
24 x_1_2 42
24 x_1_2 43
24 hz_1_2 44
24 x_1_2 45
24 y_1_2 46
24 x_1_2 47
24 hz_1_2 48
24 hz_1_2 49
24 x_1_2 50
24 x_1_2 51
24 hz_1_2 52
24 x_1_2 53
24 x_1_2 54
24 hz_1_2 55
24 x_1_2 56
24 y_1_2 57
24 x_1_2 58
24 x_1_2 61
24 y_1_2 62
24 y_1_2 63
24 y_1_2 64
24 x_1_2 65
24 x_1_2 66
24 y_1_2 67
24 x_1_2 72
24 hz_1_2 73
24 hz_1_2 74
24 hz_1_2 75
24 y_1_2 76
24 hz_1_2 83
24 hz_1_2 84
24 hz_1_2 85
24 x_1_2 94
